 1 280 1 
 2 787 1 183 1 547 1 
 3 721 1 753 1 772 1 665 1 
 4 721 1 422 1 601 1 543 1 
 5 790 1 786 2 753 1 718 1 771 1 337 1 24 1 48 1 242 1 
 6 60 1 199 1 242 1 799 1 347 1 671 1 128 1 608 1 493 1 415 1 257 1 258 1 
 7 790 1 753 1 242 2 48 1 
 8 493 1 700 1 165 1 291 1 
 9 721 1 665 1 601 1 
 10 721 1 468 1 287 1 597 1 
 11 601 1 282 1 20 1 37 2 412 1 721 1 719 1 
 12 287 1 536 1 123 1 667 1 
 13 97 1 617 2 431 1 649 1 313 1 121 1 133 1 
 14 341 1 124 1 662 1 132 1 35 1 
 15 507 1 121 1 649 1 
 16 586 1 31 1 20 1 753 1 242 1 288 3 283 1 382 1 597 1 334 1
 17 789 1 721 1 668 1 543 1 
 18 43 1 34 1 667 1 
 19 586 1 31 1 753 1 242 1 288 2 283 1 382 1 
 20 721 1 22 1 287 1 299 1 
 21 244 1 10 1 627 1 544 1 598 1 725 1 512 1 
 22 687 1 257 1 508 1 543 1 110 1 380 1 753 1 
 23 721 1 508 1 358 1 
 24 789 1 668 1 239 1 546 1 
 25 199 1 411 1 329 1 107 1 634 1 455 1 
 26 239 1 543 1 694 1 121 1 585 1 165 1 291 1 
 27 422 1 601 1 430 1 
 28 750 1 374 1 705 1 371 1 692 1 
 29 455 1 543 2 132 1 687 1 508 1 186 1 
 30 737 1 720 1 401 1 768 1 617 1 
 31 657 1 803 1 692 1 557 1 
 32 28 1 261 1 77 1 761 1 99 1 600 1 805 1 421 1 
 33 767 1 469 1 390 1 495 1 
 34 767 1 469 1 390 1 495 1 
 35 789 1 767 1 258 1 662 1 
 36 787 1 12 1 347 1 
 37 789 1 469 1 390 1 
 38 261 1 77 1 617 1 568 1 
 39 222 1 58 1 615 1 468 1 176 1 
 40 222 1 58 1 
 41 789 1 61 1 705 1 
 42 790 1 712 1 469 1 390 1 44 1 
 43 274 1 805 2 261 1 310 1 101 1 790 2 290 1 521 1 46 1 53 1 752 2 174 2 545 1 40 1 241 1 481 1 356 1 123 1 500 1 111 1 402 1 
 44 790 1 721 1 591 1 157 1 526 1 
 45 478 1 
 46 790 1 111 1 8 1 297 1 631 1 487 1 275 1 
 47 790 1 187 1 393 1 786 1 634 1 252 1 266 1 
 48 721 1 672 1 111 1 176 1 
 49 469 1 390 1 44 1 
 50 357 1 721 1 77 1 
 51 790 2 174 3 528 1 382 1 706 1 444 2 46 1 246 1 615 1 204 1 503 1 565 1 786 1 727 1 631 1 486 1 
 52 790 1 686 1 528 1 174 1 382 1 706 1 444 1 246 1 
 53 721 1 705 1 4 1 569 1 
 54 228 1 510 1 93 1 61 1 532 1 209 1 486 1 44 1 157 2 468 1 149 1 60 1 275 1 705 1 629 1 721 1 436 1 780 1 290 1 353 1 97 1 
 55 607 1 228 1 510 1 503 1 94 1 705 1 450 1 629 1 
 56 14 1 546 1 109 1 
 57 799 1 542 1 163 1 389 1 367 1 176 1 468 1 684 1 790 1 365 1 259 1 207 1 246 1 266 1 309 1 175 1 275 1 
 58 168 1 590 1 347 1 
 59 761 1 705 1 405 1 752 1 256 1 39 1 280 1 18 1 306 1 712 2 250 1 382 1 498 1 266 1 374 1 277 1 799 1 787 1 112 1 9 1 160 1 275 1 
 60 469 1 390 1 
 61 790 2 140 1 652 1 176 1 8 1 275 1 644 1 357 1 111 1 515 1 177 1 
 62 395 1 712 2 799 1 193 1 266 1 582 1 151 1 683 1 373 1 218 1 757 1 221 1 608 1 357 1 
 63 655 1 266 1 450 1 568 1 796 1 300 1 250 1 383 1 
 64 790 3 277 1 633 1 120 1 798 2 786 1 484 1 88 1 409 1 712 1 258 1 776 1 
 65 787 1 76 1 774 1 275 1 
 66 786 1 665 1 477 1 769 1 548 1 623 1 
 67 786 1 252 1 357 1 7 1 
 68 357 1 160 1 439 1 617 1 532 1 124 1 789 1 579 1 715 1 
 69 130 1 111 2 465 1 307 1 545 1 712 1 685 1 776 2 275 1 780 1
 70 4 1 
 71 721 1 761 1 242 1 230 1 258 1 535 1 620 1 456 1 349 1 30 1 63 1 715 1 
 72 497 3 613 1 44 1 618 3 787 1 793 2 620 1 214 1 733 1 798 1 118 1 761 1 413 1 599 1 160 1 230 1 679 1 
 73 721 1 219 1 619 1 454 1 661 1 275 1 166 1 252 1 266 1 
 74 790 1 204 1 755 1 356 1 60 1 478 1 686 1 
 75 790 1 178 1 123 2 610 1 282 1 173 1 44 1 382 1 682 1 543 1 246 1 786 1 580 1 
 76 790 1 242 2 735 1 13 1 
 77 417 2 382 1 794 1 620 2 798 1 733 1 133 1 266 2 370 1 326 1 535 1 
 78 767 1 242 1 94 1 313 1 
 79 752 1 275 1 532 1 507 1 124 1 503 1 94 1 
 80 790 2 548 1 218 1 29 1 772 1 24 2 258 1 786 1 387 1 68 1 283 1 770 1 
 81 588 1 99 1 789 1 118 1 561 1 96 1 
 82 7 1 484 1 562 1 470 1 259 1 761 1 242 2 769 1 416 1 123 1 107 1 
 83 790 1 188 1 123 1 542 1 468 1 157 2 518 1 689 1 526 1 209 1 486 4 591 1 479 1 331 1 566 1 286 1 515 1 752 1 607 1 720 1 298 1 9 2 631 1 445 1 46 1 761 1 
 84 244 1 171 1 121 2 266 2 253 1 761 1 377 2 234 1 143 1 155 1 238 1 768 1 
 85 803 1 6 1 557 1 130 1 520 1 624 1 394 1 258 1 242 1 632 1 148 1 223 1 
 86 752 1 275 1 124 1 400 1 712 1 504 1 786 1 496 2 505 1 532 1 543 1 474 1 117 1 598 1 468 1 266 1 
 87 789 1 94 1 510 1 266 1 117 1 503 1 73 1 488 1 
 88 721 2 360 1 157 1 697 1 376 1 705 1 328 1 205 1 275 2 400 1 255 1 713 1 608 1 677 1 598 1 716 1 466 1 
 89 721 2 360 1 157 1 697 1 376 1 705 1 328 1 205 1 275 2 400 1 255 1 713 1 425 1 486 1 608 1 677 1 598 1 716 1 466 1 513 1
 90 790 1 187 1 768 1 597 1 46 1 
 91 790 1 176 1 297 2 
 92 121 1 580 1 366 1 275 1 67 1 540 1 
 93 360 1 157 1 304 1 356 1 546 1 
 94 723 1 469 1 390 1 683 1 513 1 307 1 
 95 181 1 590 1 
 96 721 1 469 1 390 1 
 97 306 1 66 1 540 1 
 98 789 1 665 1 598 1 275 1 
 99 787 1 76 1 774 1 275 1 
 100 787 1 76 1 774 1 
 101 44 1 157 1 23 1 
 102 721 1 176 1 695 1 505 1 
 103 721 1 163 1 389 1 
 104 721 1 28 1 261 1 4 1 269 1 533 1 
 105 468 1 510 1 95 1 467 1 
 106 721 1 441 1 4 1 672 1 316 1 
 107 436 1 470 1 121 1 266 1 143 2 345 1 
 108 790 1 204 1 174 1 503 1 85 1 597 2 786 1 705 1 789 1 594 1
 109 281 1 792 1 503 1 781 1 
 110 294 1 
 111 790 1 188 1 176 1 503 1 85 1 597 1 275 1 
 112 608 1 275 2 380 2 497 1 266 1 357 1 111 1 
 113 721 1 597 1 275 1 272 1 283 1 213 1 
 114 266 1 111 1 523 1 275 1 94 1 
 115 266 1 111 1 523 1 275 1 94 1 
 116 516 1 682 1 543 1 287 1 582 1 611 1 
 117 313 1 121 1 768 1 662 1 
 118 505 1 808 1 543 1 245 1 450 2 525 1 303 1 468 1 487 1 275 2 400 1 740 1 787 1 552 1 604 1 786 1 
 119 471 1 608 1 123 2 107 1 503 1 176 1 205 1 721 1 18 1 275 3 790 1 771 1 776 1 248 1 166 1 375 1 
 120 408 1 275 1 161 1 662 1 
 121 497 1 266 1 793 1 620 1 106 1 
 122 164 1 117 1 399 1 786 1 225 1 635 1 96 1 
 123 790 1 123 1 275 1 242 1 450 1 109 1 
 124 798 1 275 1 161 1 662 1 14 1 
 125 721 1 705 1 556 1 665 1 617 1 
 126 261 1 46 1 616 1 310 1 667 1 
 127 598 1 275 1 400 2 565 1 635 1 3 1 471 1 437 1 369 1 268 1 285 1 390 1 41 1 157 1 261 1 77 1 67 1 540 2 787 1 720 1 134 1 515 2 228 2 502 1 
 128 798 1 275 1 161 1 662 1 14 1 194 1 
 129 790 1 3 1 157 1 444 1 512 1 597 1 
 130 790 1 121 1 111 1 141 1 485 1 419 1 9 1 153 1 275 1 
 131 790 1 638 1 123 1 9 1 275 1 207 1 15 1 682 1 543 1 451 1 704 1 382 1 246 1 522 1 
 132 256 1 278 1 508 1 458 1 297 1 721 1 712 1 
 133 790 1 124 1 662 1 532 1 419 1 9 1 153 1 275 1 
 134 790 1 187 1 444 1 512 1 752 1 
 135 251 1 641 1 190 1 503 1 94 1 164 1 115 1 133 1 165 1 161 1
 136 465 1 468 1 693 1 390 1 721 1 533 1 119 1 
 137 712 1 256 1 
 138 798 1 275 1 161 1 662 1 14 1 194 1 
 139 121 2 111 1 141 1 485 1 313 1 374 1 419 1 9 1 153 1 275 1
 140 617 1 143 1 235 1 490 1 549 1 786 1 32 1 182 1 287 1 180 1 124 1 662 1 513 1 431 1 300 1 608 1 
 141 790 1 3 1 157 1 444 1 512 1 597 1 
 142 760 1 429 1 256 1 747 1 712 1 107 1 
 143 138 1 734 1 277 1 
 144 752 1 406 1 11 1 768 1 449 1 571 1 527 1 
 145 768 1 53 1 278 1 
 146 617 1 184 1 549 1 143 1 235 1 32 1 182 1 287 2 663 1 427 1 121 2 786 1 431 1 300 1 180 1 266 1 
 147 251 1 641 1 190 1 503 1 94 1 164 1 115 1 133 1 161 1 
 148 752 1 406 1 11 1 768 1 449 1 571 1 527 1 
 149 798 1 275 1 161 1 662 1 14 1 194 1 
 150 790 1 178 1 123 1 309 1 419 1 9 1 275 1 344 1 485 1 
 151 777 1 551 1 125 1 664 1 546 1 364 1 458 1 799 1 121 1 382 1 241 1 
 152 321 1 296 3 67 2 540 4 400 1 260 1 791 1 390 3 752 1 46 1 763 1 623 1 77 1 66 1 575 1 622 1 78 1 469 1 778 1 503 1 705 1 
 153 465 1 693 1 390 1 721 1 743 1 119 1 
 154 461 1 157 1 567 1 378 1 399 1 167 1 620 1 503 1 
 155 721 2 73 1 652 2 154 2 612 1 284 1 322 1 485 1 510 2 754 1 610 1 412 1 737 1 762 1 224 1 18 1 252 1 660 1 752 1 439 2 109 1 622 1 157 1 389 1 626 1 238 1 458 1 244 1 123 1 507 1 25 1 406 1 431 1 
 156 734 2 277 1 721 2 448 1 556 1 266 1 143 1 617 1 
 157 205 2 804 1 744 1 768 2 241 1 30 1 256 1 364 1 781 1 275 1 807 1 503 1 439 1 717 1 287 1 20 1 602 1 236 1 242 1 661 1 605 1 730 1 
 158 76 1 774 1 752 1 790 1 775 1 787 1 645 1 10 1 754 1 154 1
 159 390 1 297 2 111 3 67 1 540 1 115 2 507 1 437 1 54 2 189 1 462 1 241 1 371 1 274 1 298 1 178 1 92 1 528 1 508 1 681 1 205 1 546 1 325 2 486 2 595 2 786 1 53 1 
 160 789 1 721 1 554 1 310 2 261 1 400 1 20 1 439 1 458 1 
 161 712 1 597 1 793 1 
 162 797 1 382 1 261 1 705 1 404 1 275 1 268 1 714 1 296 1 431 1 373 1 768 1 
 163 620 1 106 1 275 1 
 164 620 1 106 1 275 1 
 165 620 1 106 1 
 166 266 2 64 1 300 3 283 1 580 1 440 1 233 1 620 1 614 1 60 1 475 1 135 2 783 1 705 2 689 1 419 1 611 1 29 1 503 2 91 1 476 1 275 1 595 1 
 167 157 1 567 1 378 1 399 1 620 1 503 1 215 1 
 168 620 2 683 1 721 1 768 1 106 1 275 1 
 169 124 1 662 1 510 1 403 1 508 1 793 1 
 170 734 1 286 1 277 1 767 1 448 1 556 1 721 1 399 1 123 1 
 171 786 1 123 1 571 1 507 2 543 1 565 1 167 1 737 1 553 1 706 1 508 1 513 1 
 172 751 1 543 1 283 1 712 1 743 1 725 1 
 173 60 1 478 1 241 1 49 1 806 1 798 1 188 1 617 2 777 1 256 1 53 1 327 1 653 1 100 1 301 1 762 1 5 1 719 1 752 1 297 1 275 1 213 1 768 1 
 174 266 1 705 1 689 1 283 1 300 2 110 1 611 1 440 1 233 1 620 1 475 1 135 1 132 1 734 1 783 1 503 1 595 1 308 1 
 175 721 1 18 1 53 1 709 1 
 176 543 1 157 1 400 1 530 1 564 1 650 1 46 1 790 1 187 1 399 1 342 1 
 177 204 2 755 2 463 1 275 2 59 1 781 1 54 1 483 1 226 1 705 2 123 1 242 1 464 1 759 1 786 1 187 1 98 1 86 1 90 1 582 1 617 1 407 1 620 1 424 1 257 1 519 1 539 1 212 1 453 1 538 1 715 1 
 178 712 1 597 1 705 1 485 1 468 1 
 179 129 1 
 180 204 2 755 2 463 1 275 2 59 1 781 1 54 1 483 1 226 1 705 2 123 1 242 1 464 1 759 1 786 1 187 1 98 1 86 1 90 1 582 1 617 1 407 1 620 1 424 1 257 1 519 1 539 1 212 1 453 1 538 1 715 1 
 181 790 1 187 1 498 1 266 1 105 1 752 2 635 1 225 1 92 1 715 1 352 1 
 182 256 1 458 1 526 1 
 183 409 1 700 1 458 1 256 1 275 1 429 1 654 5 706 4 761 1 266 1 790 1 323 1 121 1 756 1 465 1 779 1 485 1 68 1 546 1 517 1
 184 721 1 712 1 44 1 113 1 384 1 551 1 125 1 
 185 242 1 275 1 287 1 11 1 705 1 453 1 
 186 679 1 698 1 123 1 252 1 497 1 662 1 
 187 242 1 212 1 275 1 721 1 287 1 81 1 705 1 453 1 
 188 183 1 399 1 789 1 547 1 
 189 712 1 44 1 113 1 384 1 551 1 125 1 
 190 370 1 761 1 
 191 721 1 157 1 505 1 735 1 
 192 721 1 468 1 256 1 
 193 793 1 256 1 275 1 781 1 
 194 598 1 261 1 310 1 
 195 176 1 265 1 487 1 510 1 
 196 804 1 176 1 
 197 786 1 399 1 202 1 
 198 222 1 
 199 790 1 309 1 178 1 695 1 672 1 
 200 615 1 89 1 752 1 721 1 256 1 665 1 707 1 761 1 465 1 450 1 781 1 
 201 721 1 507 1 72 1 
 202 273 1 543 1 334 1 44 1 
 203 318 1 242 1 72 2 807 1 275 1 244 1 443 1 
 204 318 1 72 1 807 1 275 1 249 1 788 1 244 1 735 1 
 205 721 1 457 1 674 1 503 1 157 1 142 1 
 206 721 1 157 1 665 1 617 1 546 1 
 207 219 1 619 1 
 208 790 1 362 1 503 1 
 209 26 1 712 1 390 1 597 1 68 2 756 1 705 1 522 1 277 1 342 1 485 1 
 210 532 1 678 1 46 1 506 1 721 1 242 1 804 1 71 1 786 1 275 1
 211 790 1 622 1 678 1 774 1 
 212 786 1 399 1 
 213 535 1 60 1 478 2 790 1 204 1 296 1 780 1 630 1 
 214 216 1 72 1 766 1 490 1 37 1 781 1 
 215 790 1 775 1 76 1 774 2 477 1 103 1 486 1 786 1 678 1 533 1 721 1 729 1 220 1 635 1 764 1 508 1 176 1 373 1 
 216 69 1 571 1 217 1 
 217 786 1 678 2 380 2 246 1 193 1 506 1 123 1 789 1 263 1 21 1 774 1 639 1 275 1 486 1 
 218 721 1 712 1 427 1 258 1 535 1 
 219 515 1 757 1 395 2 241 1 49 1 648 1 158 1 473 1 275 1 661 1 242 1 606 1 60 1 277 1 419 1 577 1 456 1 440 1 388 1 3 1 368 1 84 1 712 1 258 1 231 1 
 220 20 1 766 1 781 1 72 1 453 1 69 1 11 1 571 1 217 1 
 221 204 1 721 1 72 1 242 2 636 1 634 1 198 1 258 1 535 1 
 222 766 1 781 1 160 1 35 1 334 1 319 1 217 1 
 223 781 1 766 2 35 1 
 224 712 1 53 1 256 1 
 225 275 1 35 1 783 1 766 1 72 1 
 226 53 1 256 1 781 1 
 227 390 2 256 1 
 228 258 1 535 2 240 1 124 1 109 1 742 1 781 1 777 1 396 1 426 1 542 1 
 229 79 1 572 2 765 1 782 1 789 1 664 1 712 1 
 230 721 1 593 1 157 1 674 1 543 1 272 1 
 231 721 1 593 1 157 1 674 1 272 1 
 232 593 1 157 1 
 233 721 1 36 1 206 1 337 1 275 1 
 234 705 1 405 1 569 1 
 235 631 1 
 236 249 1 568 1 705 1 
 237 468 1 
 238 261 1 455 1 506 1 
 239 506 1 721 1 705 1 
 240 793 1 277 1 
 241 790 1 281 1 792 1 275 1 
 242 79 1 789 1 572 1 256 1 275 1 
 243 79 1 107 1 737 1 151 1 
 244 706 1 61 1 
 245 102 1 705 1 
 246 786 1 761 1 287 1 283 1 674 1 107 1 
 247 275 2 502 1 707 1 246 1 119 1 598 1 46 1 790 1 266 1 179 1 786 1 798 1 739 1 665 1 
 248 168 1 760 1 38 1 424 1 200 1 561 1 27 1 686 2 721 1 557 1 639 1 735 1 501 1 211 1 
 249 275 3 204 1 563 1 622 1 507 2 404 1 731 1 149 1 409 1 5 1 749 1 456 1 296 1 187 1 700 1 256 1 786 1 408 1 315 1 246 1
 250 157 2 605 1 16 1 755 1 469 1 502 1 786 1 287 1 266 1 543 2 204 1 503 1 227 1 23 1 557 1 154 1 438 1 450 1 376 1 705 1
 251 440 1 712 1 258 1 535 1 204 1 721 1 242 1 184 1 705 1 734 1 159 1 
 252 675 1 320 1 252 1 329 1 327 1 275 1 
 253 752 1 275 1 744 1 768 2 705 1 781 1 424 1 786 2 497 4 266 2 287 2 561 1 732 1 503 2 73 1 417 1 349 1 735 1 620 1 639 2 44 1 634 2 305 1 559 1 367 1 236 1 382 1 804 1 
 254 320 1 
 255 721 1 266 1 170 1 324 1 164 1 115 1 620 1 91 1 121 1 524 1 275 1 
 256 254 1 104 1 446 1 380 1 650 1 444 1 176 1 474 1 468 1 390 1 626 1 775 1 13 1 689 1 
 257 721 1 258 1 705 1 437 2 798 1 275 2 686 1 436 1 366 1 46 1 371 1 295 1 53 2 411 1 768 2 39 1 
 258 790 1 738 1 124 1 109 1 396 1 426 1 
 259 786 1 300 1 561 1 450 1 313 1 121 1 
 260 734 1 643 1 244 2 705 1 793 1 18 1 404 1 277 1 
 261 300 1 393 1 242 1 252 1 121 1 266 1 
 262 473 1 254 1 514 1 276 1 
 263 790 1 204 1 296 1 780 1 478 1 634 1 768 1 
 264 761 1 572 1 535 1 737 2 705 2 151 1 135 1 
 265 92 1 634 1 669 1 677 1 789 1 123 1 687 1 568 1 109 1 737 1 30 1 482 1 474 1 
 266 719 1 44 1 515 1 121 1 266 1 712 1 275 1 
 267 789 1 323 1 266 1 252 1 617 2 123 1 662 1 673 1 313 1 121 1 220 1 
 268 721 1 266 1 282 1 481 1 440 1 
 269 721 1 266 1 408 1 794 1 
 270 724 1 723 1 505 1 793 1 275 1 
 271 296 1 525 1 486 1 490 1 705 1 503 1 
 272 790 1 675 1 559 1 351 1 767 2 532 1 706 1 374 1 343 1 299 1 657 1 634 1 708 1 746 1 721 1 241 1 266 1 712 1 258 1 
 273 204 1 721 1 761 1 635 1 503 1 254 1 784 1 313 1 445 1 46 1
 274 721 1 401 1 16 2 346 2 622 1 790 2 157 2 187 1 503 1 316 1 620 1 543 1 805 1 
 275 790 1 768 1 570 1 582 1 614 1 620 1 
 276 787 1 124 1 662 1 786 1 761 1 75 1 617 1 242 1 561 1 793 1 230 1 428 1 560 1 
 277 515 1 469 1 503 1 583 1 157 1 344 1 164 1 658 1 507 1 798 1 597 1 34 1 
 278 760 1 734 1 242 1 312 1 411 1 313 1 121 1 
 279 157 1 44 1 786 1 295 2 287 1 698 1 418 1 675 1 
 280 307 1 256 1 679 1 794 1 620 1 153 1 749 1 220 1 762 1 726 1 433 1 460 1 338 1 795 1 636 1 759 1 705 1 440 2 47 1 490 1 728 1 776 1 25 1 300 1 452 1 529 1 277 1 
 281 195 1 374 1 296 1 356 2 474 1 495 1 283 1 747 1 507 1 691 1 120 1 246 2 256 1 701 1 244 1 169 1 584 1 266 1 265 1 124 1 662 1 466 1 122 1 807 1 793 1 277 1 
 282 313 1 123 1 761 1 363 1 646 1 
 283 807 1 115 1 608 1 204 1 755 1 786 1 
 284 620 1 405 1 196 1 124 1 109 1 
 285 777 1 623 1 661 1 749 1 706 1 242 1 379 1 
 286 786 1 51 1 522 1 665 1 
 287 471 1 587 1 121 1 789 1 
 288 640 1 562 1 761 1 639 1 214 1 638 1 661 1 192 1 277 1 331 1 166 1 751 1 807 1 283 1 476 1 10 1 19 1 
 289 744 1 761 1 507 1 391 1 275 1 282 2 730 1 707 1 542 1 16 1 30 1 
 290 734 1 242 1 717 1 109 1 721 1 300 1 743 1 581 1 333 1 88 1 531 1 266 1 
 291 34 1 620 1 106 1 
 292 481 1 51 1 123 2 490 1 258 1 
 293 790 1 760 1 429 1 275 1 
 294 343 1 517 1 716 1 124 1 
 295 455 1 335 1 121 1 319 1 271 1 
 296 761 2 308 1 275 2 287 1 75 1 
 297 721 1 710 1 178 1 670 1 784 1 63 1 138 1 256 3 666 1 631 1 246 1 805 1 786 1 46 2 705 1 374 1 680 1 266 1 419 1 227 1 772 1 793 1 804 1 
 298 790 1 179 1 365 1 46 1 322 1 468 1 786 1 798 1 739 1 
 299 266 1 287 1 227 1 468 2 204 1 543 1 597 1 
 300 83 1 491 1 121 1 258 1 705 1 
 301 559 1 700 1 359 1 124 1 356 1 712 1 
 302 530 1 189 1 469 1 612 1 117 1 262 1 465 1 402 1 503 1 95 1
 303 609 1 633 1 71 1 40 1 241 1 634 1 198 1 72 1 284 1 728 1 339 1 300 1 355 1 311 1 382 1 761 2 505 1 516 1 654 1 706 1 296 1 665 1 94 1 548 1 293 1 
 304 383 1 109 2 730 1 707 1 454 1 336 1 256 1 480 1 712 1 
 305 721 1 162 1 535 1 562 1 113 1 379 1 210 1 620 1 473 1 
 306 511 1 731 1 807 1 761 1 136 2 507 2 123 2 789 1 627 1 705 1
 307 195 1 228 1 469 1 638 1 258 1 380 1 165 1 162 1 724 1 430 1
 308 721 1 621 1 562 1 256 1 727 1 46 1 246 1 
 309 507 1 130 1 310 1 54 1 397 1 592 1 124 1 705 1 
 310 340 1 507 3 654 4 706 3 284 1 60 1 510 2 557 1 123 1 334 1 705 1 
 311 311 1 549 1 529 1 323 1 88 1 121 1 
 312 370 1 440 1 100 1 267 1 
 313 608 1 277 1 201 1 617 1 12 1 404 1 275 1 229 1 134 1 106 1
 314 786 1 727 1 294 1 706 1 656 1 204 1 
 315 187 1 266 1 469 1 146 1 786 1 736 1 416 1 559 1 699 1 688 1 535 1 287 1 721 1 309 1 794 1 617 1 107 1 776 1 620 1 706 1 762 1 402 1 
 316 757 1 50 1 271 1 721 1 121 1 786 1 157 1 
 317 804 1 71 1 705 1 224 1 572 1 
 318 772 2 129 1 732 1 242 2 275 1 666 1 763 1 761 1 241 1 793 2 404 1 141 1 510 1 768 2 561 1 44 1 244 1 406 1 494 1 378 1 437 1 444 1 744 1 690 1 
 319 790 1 470 1 440 1 161 1 404 1 314 1 613 1 
 320 768 1 507 1 242 1 229 1 795 1 432 1 571 1 256 1 793 1 
 321 705 1 406 1 781 2 39 1 710 1 789 1 637 1 38 1 558 1 503 1
 322 296 1 468 2 152 1 486 1 402 1 763 1 777 1 164 1 117 1 744 1 262 1 92 1 510 1 773 1 804 1 722 1 
 323 602 1 608 1 761 1 385 1 413 1 39 1 256 1 157 1 537 1 304 1 60 1 275 1 437 1 726 1 246 1 119 1 654 1 706 1 330 1 258 1 705 1 665 1 
 324 790 1 646 1 457 1 676 1 281 1 361 1 668 1 543 1 372 1 468 1 444 1 46 1 181 1 
 325 786 2 365 2 540 1 790 2 502 1 366 1 74 2 286 1 147 1 246 2 220 1 808 1 747 1 
 326 378 1 365 1 367 1 368 1 437 1 642 1 261 1 55 1 
 327 734 1 705 1 772 1 611 1 617 1 
 328 787 1 665 1 507 1 121 1 
 329 723 1 275 1 706 1 256 1 187 1 399 1 437 1 60 1 510 1 
 330 461 1 220 1 275 1 711 1 507 1 397 1 592 1 187 1 672 1 705 1 54 1 515 2 377 1 195 1 
 331 513 1 617 1 734 1 543 1 578 1 157 1 
 332 296 1 468 1 402 1 804 1 722 1 164 1 117 1 559 1 262 1 419 1 503 1 95 1 773 1 
 333 654 2 706 2 351 1 790 1 204 1 121 1 
 334 370 1 406 1 275 1 124 1 662 1 114 1 292 1 734 1 
 335 772 1 639 1 
 336 790 1 204 1 541 1 540 1 46 1 74 1 358 1 121 1 620 1 372 1 699 1 297 1 440 1 
 337 789 1 95 1 468 2 510 1 117 1 266 2 790 1 81 1 144 1 287 1 503 1 
 338 646 1 313 1 121 1 410 1 469 1 144 1 
 339 546 1 157 1 362 1 
 340 340 1 275 1 267 1 99 1 
 341 734 1 109 1 544 1 275 1 
 342 789 1 734 1 620 1 
 343 571 1 401 1 
 344 790 1 360 1 157 1 508 1 330 1 277 1 786 1 55 1 
 345 790 1 157 1 275 1 
 346 266 1 469 1 144 1 790 1 200 1 468 1 92 1 510 1 466 1 117 1 313 1 
 347 721 1 36 1 206 1 337 1 275 1 
 348 761 2 665 1 571 2 617 1 755 1 737 1 546 1 131 1 386 1 750 1 233 1 468 1 247 1 204 1 721 1 287 1 208 1 206 1 
 349 157 1 139 1 565 1 532 1 
 350 204 2 755 1 790 1 382 1 361 1 726 1 46 1 44 1 157 1 
 351 755 1 763 1 325 1 309 1 731 1 510 1 275 1 157 1 565 1 787 1 546 1 564 1 740 1 287 1 
 352 108 1 266 1 283 1 157 1 537 1 475 1 676 1 43 1 543 1 349 1 801 1 109 1 
 353 258 1 506 1 424 1 24 1 790 1 157 1 261 1 50 1 303 1 503 1 224 1 246 1 583 1 275 1 510 1 
 354 129 1 482 1 574 1 39 2 275 3 465 1 127 1 140 1 305 1 622 1 221 1 246 1 791 1 472 1 565 1 543 1 705 1 437 1 309 1 322 1 613 1 507 1 123 1 19 1 177 1 712 1 768 1 750 1 
 355 721 1 576 1 368 1 508 1 277 2 481 1 478 1 411 1 793 2 575 1 258 3 270 1 404 1 424 1 121 1 257 1 
 356 79 1 332 1 447 1 731 1 210 2 503 2 721 1 53 1 121 1 165 1 162 1 
 357 451 1 109 1 543 2 13 1 356 1 508 1 20 1 382 2 503 2 781 1 761 1 598 1 258 1 
 358 401 1 582 1 617 1 721 1 249 1 568 1 
 359 28 1 261 1 696 1 277 1 287 1 149 1 705 1 266 1 169 1 55 1
 360 266 1 581 1 706 1 160 1 643 1 157 1 789 1 636 1 343 1 419 1 692 1 507 1 
 361 721 1 446 1 637 1 123 1 488 1 
 362 266 1 184 1 124 1 705 1 
 363 465 1 526 1 157 1 387 1 583 1 485 2 706 1 597 1 295 1 561 1 204 1 231 1 283 1 107 1 563 1 761 1 546 1 139 1 
 364 498 1 266 1 469 1 109 1 546 1 145 1 789 1 721 1 578 1 157 1
 365 121 1 109 1 543 1 
 366 266 3 157 1 268 1 443 1 498 1 634 2 307 1 187 1 17 1 752 1 275 1 748 1 507 1 560 1 44 1 705 1 721 1 746 1 
 367 622 1 496 1 639 1 807 1 721 1 107 1 137 1 124 1 712 1 534 1 99 1 
 368 289 1 164 1 503 1 94 1 277 1 721 2 266 1 673 1 348 1 469 1 276 1 109 2 547 1 318 1 157 1 608 1 112 1 243 1 115 1 336 1 620 1 543 1 450 2 4 1 546 1 
 369 474 1 268 1 157 1 243 1 
 370 321 1 799 1 790 1 757 1 201 1 587 1 266 1 107 1 536 1 721 1 712 1 794 1 450 2 124 1 662 1 570 1 204 1 772 1 1 1 617 1 75 1 275 1 
 371 284 1 469 1 144 1 107 1 121 1 712 1 721 1 
 372 789 1 705 1 135 1 
 373 281 1 361 1 668 1 546 1 802 1 632 1 
 374 79 1 54 1 30 1 380 1 504 1 
 375 714 1 364 1 712 1 275 1 
 376 790 1 76 1 774 1 423 1 44 1 705 2 744 1 241 2 46 1 275 2 399 1 280 1 242 1 458 1 380 1 220 1 514 1 297 1 570 1 402 1 49 1 737 1 506 1 
 377 790 2 164 1 117 1 469 1 146 1 350 1 546 1 357 1 22 1 
 378 543 2 109 2 213 1 752 1 275 1 121 2 719 1 761 1 151 1 789 2 480 1 170 1 466 1 197 1 418 1 92 1 
 379 721 3 793 1 277 1 789 1 53 1 314 1 
 380 786 1 51 1 617 1 
 381 729 1 220 1 715 1 
 382 435 1 75 1 665 1 124 1 109 1 787 1 220 1 617 1 
 383 496 1 420 1 640 1 807 1 721 1 384 1 121 1 275 1 
 384 189 1 469 1 504 1 468 2 121 1 598 1 
 385 318 2 256 1 242 2 72 2 807 1 280 1 71 1 513 1 806 1 700 1 286 1 
 386 157 2 380 1 147 1 246 2 220 1 808 1 565 1 594 3 550 1 307 1 510 1 
 387 424 1 204 2 500 1 232 1 790 2 157 1 503 1 423 1 425 2 668 1 543 1 511 1 786 1 104 1 391 1 791 1 168 1 
 388 787 1 220 1 617 1 75 1 327 1 401 1 121 1 
 389 157 1 517 1 466 1 731 2 776 1 786 2 651 1 319 1 550 1 736 1 167 1 721 1 635 1 712 1 777 1 639 1 56 1 248 1 176 1 634 1
 390 79 1 281 1 361 1 698 1 651 1 696 1 
 391 266 1 116 1 305 1 
 392 787 1 302 1 442 1 509 1 508 1 790 1 774 1 468 1 
 393 80 2 797 1 628 1 93 1 266 1 313 1 242 1 663 1 
 394 546 1 517 2 452 1 109 1 721 1 121 2 105 1 507 1 246 1 640 2 283 1 522 1 503 1 424 1 668 1 747 1 
 395 60 1 436 1 285 2 390 1 786 1 46 1 638 1 246 2 297 1 608 1 503 1 53 1 
 396 790 1 721 1 56 1 625 1 44 1 503 1 359 1 157 1 543 1 277 1 489 1 
 397 721 1 496 1 420 1 313 1 121 1 534 1 99 1 
 398 767 1 242 1 790 1 266 3 542 1 682 2 507 2 786 2 356 1 761 1 315 1 250 1 608 2 252 1 123 1 249 1 510 1 
 399 266 1 609 1 309 1 368 1 258 1 761 1 
 400 790 1 748 1 46 1 76 1 774 1 305 1 
 401 721 1 712 1 804 1 121 1 210 1 734 1 
 402 469 1 390 2 419 1 322 1 613 1 437 1 446 1 245 1 672 1 176 1 532 1 124 1 98 1 
 403 721 1 237 1 256 1 408 1 433 1 752 1 282 1 301 1 
 404 176 1 363 1 277 1 284 1 786 1 468 1 479 1 
 405 785 1 287 1 76 1 774 1 508 1 246 1 
 406 790 1 164 1 116 1 750 1 434 1 411 1 317 1 130 1 468 1 508 1
 407 574 1 724 1 496 1 420 1 313 1 121 1 282 1 770 1 532 1 
 408 787 1 76 1 774 1 
 409 288 1 4 1 8 1 65 1 177 1 
 410 80 1 399 1 159 1 643 1 242 1 72 1 367 1 503 1 
 411 608 1 121 1 266 1 659 2 114 1 623 1 307 1 790 1 361 1 674 1 350 1 558 1 382 1 468 1 715 1 711 1 241 1 
 412 789 1 170 1 528 1 157 1 94 1 
 413 79 1 289 1 546 1 503 1 469 1 145 1 498 1 266 1 109 1 
 414 244 1 266 1 297 1 505 1 471 1 
 415 204 1 772 1 242 1 94 1 266 1 318 1 
 416 786 1 266 1 403 2 356 1 761 1 315 1 771 1 768 1 718 1 242 1 673 1 608 1 
 417 326 1 419 1 786 1 93 1 462 1 546 1 286 1 805 1 790 1 109 1 386 1 252 1 468 1 
 418 565 2 617 1 339 1 703 2 334 1 469 3 503 1 408 1 204 1 123 1 748 1 296 1 495 1 144 1 517 1 721 1 266 1 
 419 576 1 617 1 786 1 734 1 176 1 151 1 468 1 604 1 404 1 356 1 705 1 543 1 533 1 204 1 721 1 109 1 306 1 142 1 
 420 467 2 562 1 356 1 95 1 277 1 505 1 
 421 675 2 653 1 100 1 121 1 244 1 266 1 323 1 
 422 79 1 724 1 790 1 768 1 542 1 598 2 275 3 597 1 487 2 204 1 778 1 
 423 204 1 721 1 602 1 786 1 541 1 795 1 275 1 46 1 
 424 324 1 70 1 128 1 620 1 
 425 457 1 676 1 681 1 779 1 438 1 157 2 721 1 557 1 564 1 
 426 287 1 29 1 790 1 380 1 275 1 119 1 596 1 216 1 562 1 
 427 531 1 260 1 275 1 598 1 310 1 156 1 261 1 41 1 382 1 705 1 293 1 287 1 597 1 
 428 787 1 164 1 116 1 468 1 145 1 
 429 790 1 662 1 634 1 735 1 
 430 711 1 121 1 313 1 468 3 637 1 620 1 
 431 790 1 768 1 140 1 665 1 598 1 705 1 
 432 457 1 674 1 508 1 460 1 338 1 
 433 119 1 596 1 462 1 510 1 275 1 318 1 197 1 339 1 568 1 287 1 191 1 507 1 
 434 24 1 51 2 666 1 721 1 617 1 450 1 109 1 738 1 665 1 
 435 43 2 547 2 558 2 790 1 570 1 546 1 385 1 673 1 706 1 502 1 347 1 
 436 121 1 266 1 111 1 387 1 579 1 
 437 790 1 30 1 213 1 440 1 577 1 
 438 361 1 468 1 17 1 259 1 279 1 712 1 191 1 
 439 738 1 712 1 
 440 738 1 790 1 187 1 123 1 542 1 468 1 157 1 518 1 689 1 
 441 738 1 244 1 171 1 121 1 266 1 253 1 761 1 377 1 234 1 143 1 408 1 155 1 
 442 738 1 803 1 6 1 557 1 130 1 520 1 624 1 394 1 258 1 242 1
 443 738 1 789 1 94 1 510 1 266 1 117 1 503 1 73 1 488 1 
 444 738 1 721 1 360 1 157 1 697 1 376 1 705 1 
 445 738 1 721 1 761 1 687 1 503 1 20 1 699 1 
 446 738 1 76 1 774 1 103 1 486 1 782 1 
 447 738 1 790 1 123 1 8 1 706 1 9 1 275 1 266 1 609 2 758 1 702 1 
 448 790 1 545 1 76 1 774 1 103 1 485 1 
 449 402 1 157 1 786 2 771 1 186 1 726 1 721 1 532 1 
 450 790 1 123 1 8 1 706 1 9 1 275 1 266 1 609 2 758 1 702 1
 451 721 1 256 1 751 1 446 1 46 1 275 1 
 452 555 1 266 2 804 1 295 1 761 2 123 1 721 1 
 453 622 1 761 1 798 1 620 1 106 1 1 1 251 1 309 1 54 1 266 1 204 1 
 454 721 1 124 1 532 1 761 1 89 1 752 1 582 1 102 1 
 455 744 1 657 1 373 1 
 456 768 1 107 1 256 1 
 457 721 1 242 1 72 1 
 458 708 1 744 1 278 1 322 1 
 459 416 1 137 1 357 1 111 1 247 1 177 1 152 1 618 1 
 460 761 1 250 1 252 1 498 1 266 1 
 461 497 1 673 1 287 1 88 1 340 1 411 1 535 1 440 1 
 462 786 1 466 1 705 1 790 2 588 1 664 1 506 1 503 1 275 1 800 1 256 1 665 1 707 1 
 463 786 1 392 1 734 1 625 1 501 1 211 1 122 1 
 464 232 1 790 1 263 1 21 1 55 1 
 465 432 1 148 1 88 1 221 1 662 1 300 1 549 1 440 1 
 466 789 1 258 1 
 467 266 1 143 2 235 1 349 1 379 1 317 1 
 468 431 1 300 1 266 1 333 1 789 1 
 469 514 1 62 1 57 1 220 1 616 1 99 1 753 1 
 470 514 1 62 1 57 1 220 1 616 1 99 1 753 1 
 471 280 2 795 1 47 1 711 1 724 1 762 1 327 1 
 472 786 1 634 1 
 473 108 1 273 1 286 1 795 1 277 1 
 474 469 1 390 1 178 1 621 1 591 1 220 1 617 1 
 475 790 1 721 1 287 1 737 1 705 1 469 1 390 1 
 476 121 1 585 1 750 1 634 1 264 1 413 1 
 477 786 1 280 1 561 1 283 1 632 1 147 1 450 1 375 1 
 478 280 1 798 1 277 1 595 1 152 1 237 1 505 1 705 1 151 1 128 1 398 1 589 1 204 1 92 1 
 479 786 1 287 1 252 1 642 1 808 1 176 1 382 1 499 1 
 480 721 2 634 1 225 1 410 1 335 1 
 481 205 1 772 1 508 1 721 1 762 1 559 1 107 1 53 1 505 1 624 1 531 1 46 1 787 1 503 1 
 482 790 3 721 1 753 1 688 1 568 2 327 1 553 2 706 1 661 1 
 483 280 1 331 1 297 1 706 1 508 1 409 1 312 1 608 1 26 1 282 1 122 1 620 1 721 1 192 1 421 1 585 1 123 1 662 1 211 1 507 1
 484 721 1 674 1 505 1 
 485 790 1 28 1 261 1 282 1 
 486 30 1 298 1 790 1 349 1 468 1 50 1 271 1 492 1 489 1 200 1 423 1 789 1 546 1 
 487 721 1 674 1 667 1 280 1 
 488 790 1 654 1 706 1 141 1 801 1 
 489 787 1 553 1 492 1 620 1 
 490 562 1 28 1 668 1 
 491 721 1 249 1 568 1 
 492 61 1 532 1 374 1 228 1 20 1 720 1 390 1 68 1 566 1 282 1 472 1 486 1 598 2 42 1 269 1 309 1 64 1 543 1 
 493 712 1 503 1 46 2 721 1 450 1 726 1 220 1 
 494 705 2 801 1 552 1 604 1 253 2 789 1 282 1 
 495 572 2 765 1 761 1 508 1 516 1 11 1 571 1 664 1 275 1 
 496 790 1 164 1 117 1 246 1 787 1 399 1 507 1 786 1 
 497 519 1 719 1 468 3 458 2 457 1 674 2 685 1 721 3 294 2 736 1 786 1 446 1 542 1 261 2 626 1 382 1 310 1 156 1 597 1 673 1 647 2 805 1 41 1 
 498 721 2 115 1 94 2 510 1 458 1 503 1 713 1 674 1 400 1 
 499 602 1 275 1 158 1 723 1 674 1 400 1 469 1 790 1 721 1 419 1 428 1 437 1 
 500 36 1 728 1 721 2 
 501 721 1 469 2 694 1 392 1 518 1 416 1 216 1 53 1 458 1 279 1 674 1 108 1 390 1 136 1 
 502 543 1 237 1 468 1 684 1 720 1 659 1 240 1 277 1 790 1 789 1 243 1 
 503 786 1 352 1 150 1 
 504 721 1 272 2 157 1 724 1 44 3 95 2 275 2 369 1 541 1 731 1 20 1 785 1 164 1 790 1 103 1 46 1 786 1 
 505 121 2 266 2 634 1 443 1 294 2 777 1 275 1 723 1 87 1 60 1 503 1 790 1 598 1 260 1 786 1 282 1 
 506 721 1 19 1 507 1 281 2 361 2 76 1 774 1 257 2 530 1 518 1 564 2 
 507 721 1 121 1 162 1 790 1 
 508 797 1 355 1 70 1 
 509 734 2 84 1 789 1 121 1 258 1 584 1 266 1 
 510 266 2 568 2 132 1 
 511 804 1 389 1 46 1 
 512 786 1 431 1 300 1 287 1 283 1 79 1 332 1 788 1 329 1 270 1 357 1 292 1 734 1 
 513 307 1 414 1 703 1 468 1 246 1 302 1 361 1 442 1 316 1 622 1 507 2 2 1 172 1 705 1 789 1 623 1 208 1 721 1 266 1 124 1
 514 790 1 123 1 708 1 156 1 46 2 509 1 
 515 790 1 721 1 117 1 109 1 
 516 790 1 508 1 507 1 
 517 790 1 121 1 266 1 112 1 111 1 680 1 119 1 220 1 297 1 349 1 170 1 76 1 774 1 381 1 156 1 348 1 468 1 
 518 804 1 390 1 27 1 296 1 356 1 121 1 346 1 419 1 409 1 437 1 50 1 271 1 408 1 185 1 793 1 168 1 204 1 755 1 203 1 460 1
 519 790 2 261 1 390 1 805 1 173 1 41 1 465 1 673 1 434 1 458 1 156 1 310 1 282 1 632 1 668 1 518 1 
 520 712 1 705 1 781 1 706 2 532 1 
 521 386 1 790 1 121 1 266 1 131 1 261 1 786 1 310 1 26 1 517 1
 522 790 2 349 1 310 1 156 1 282 1 107 1 668 1 598 1 261 1 673 1 647 1 390 1 805 1 173 1 41 1 
 523 790 1 187 1 469 1 390 1 202 1 459 1 
 524 472 1 468 1 598 1 381 1 156 1 310 1 261 1 487 1 644 1 656 1 450 1 87 1 564 1 
 525 251 1 281 1 361 1 181 1 590 1 441 1 310 1 222 1 58 1 246 1
 526 121 1 83 1 491 1 
 527 64 1 82 1 435 1 277 1 238 1 654 1 706 1 510 1 246 1 517 1
 528 307 1 414 1 703 1 316 1 622 2 507 2 2 1 172 1 668 1 508 1
 529 33 1 76 1 774 1 645 1 620 1 729 2 220 2 800 1 68 1 
 530 468 2 390 2 691 1 790 1 597 1 46 1 458 1 
 531 790 2 141 1 591 2 543 1 380 1 419 1 747 1 726 1 
 532 721 1 266 1 617 1 109 1 737 1 
 533 321 1 745 1 54 1 598 1 42 1 2 1 656 1 156 2 310 2 261 2 244 1 363 1 176 1 694 1 127 1 
 534 804 1 469 1 390 1 27 1 296 1 356 1 203 1 458 1 187 1 555 1 419 1 447 1 437 1 271 1 275 1 408 1 185 1 793 1 168 1 204 1 755 1 
 535 275 2 158 1 767 2 648 1 266 1 669 1 241 2 690 2 655 1 
 536 294 1 487 1 786 1 591 1 727 1 543 1 743 1 229 1 361 1 726 1
 537 33 1 76 1 774 1 645 2 745 1 620 1 91 1 729 1 220 1 133 1 678 1 150 1 200 1 182 1 388 1 764 1 564 1 
 538 790 1 710 1 665 1 310 1 261 1 598 1 42 1 593 1 156 1 345 1 789 1 287 1 46 1 742 1 176 1 175 1 
 539 790 1 349 1 468 1 524 1 789 1 243 1 64 1 115 1 522 1 494 1 123 1 382 1 428 1 223 1 374 1 
 540 82 1 64 1 654 1 706 1 78 1 367 1 
 541 786 1 557 1 164 1 117 1 550 1 531 1 260 1 790 1 599 1 487 1 674 1 399 1 290 1 620 1 
 542 200 1 761 2 450 1 65 1 81 1 242 1 264 1 595 1 526 1 543 1 600 1 287 1 781 1 
 543 790 1 567 2 415 1 295 1 
 544 341 1 117 1 128 1 468 2 399 1 472 1 658 1 402 1 724 1 
 545 266 1 660 1 372 1 510 1 497 2 734 2 450 1 377 1 757 1 259 1 584 1 802 1 
 546 721 1 109 2 546 1 554 1 
 547 76 1 774 1 705 1 
 548 721 2 508 1 261 1 120 1 568 1 700 1 156 1 651 1 781 1 606 1 310 1 
 549 452 1 675 1 657 2 705 1 214 1 712 2 320 1 664 1 373 1 224 1 258 1 79 1 332 1 426 1 534 1 309 1 637 1 
 550 786 1 676 1 510 1 559 1 705 2 53 1 751 1 459 1 20 1 801 1
 551 721 1 674 1 505 1 665 1 458 1 157 1 752 1 
 552 623 1 458 1 712 1 452 1 597 1 46 1 109 1 503 1 
 553 706 1 721 1 220 1 620 1 106 1 275 1 
 554 81 1 552 1 604 1 252 1 628 1 
 555 701 1 156 1 196 1 670 1 101 2 704 1 741 1 398 1 805 1 
 556 671 1 603 1 45 1 
 557 239 1 793 1 589 1 
 558 603 1 45 1 346 1 
 559 357 1 
 560 126 1 353 1 239 1 780 1 290 1 52 1 
 561 126 1 353 1 239 1 290 1 52 1 
 562 239 1 780 1 354 1 
 563 721 1 422 1 601 1 503 1 617 1 
 564 719 1 
 565 603 1 45 1 503 1 781 1 
 566 126 1 354 1 239 1 287 1 780 1 290 1 52 1 
 567 790 1 205 1 239 1 573 1 
 568 790 1 205 1 239 1 573 1 
 569 239 1 573 1 
 570 239 1 573 2 283 1 630 1 
 571 559 1 532 1 
 572 499 1 554 1 455 1 204 1 786 2 514 1 790 3 686 1 709 1 503 1 485 1 521 1 215 1 119 1 615 1 15 1 772 1 393 1 430 1 46 1 255 1 741 1 382 1 706 1 213 1 597 1 796 1 146 1 
